       „¬„ª„±„ª„±„±„±„ª„­        
       „°„²„«„«„«„«„«„ª„«        
       „«„¬„²„«„°„­„«„ª„«        
       „¯„ª„³„ª„®„¯„³„ª„®        
SCORE :                          
BEST  :                          
+-------+-------+-------+-------+
|       |       |       |       |
|   2   |   4   |  1 6  | 1 2 8 |
|       |       |       |       |
+-------+-------+-------+-------+
|       |       |       |       |
|   4   |   8   |  3 2  | 2 5 6 |
|       |       |       |       |
+-------+-------+-------+-------+
|       |       |       |       |
|  1 6  |  3 2  |  6 4  | 5 1 2 |
|       |       |       |       |
+-------+-------+-------+-------+
|       |       |       |       |
| 1 2 8 | 2 5 6 | 5 1 2 |1 0 2 4|
|       |       |       |       |
+-------+-------+-------+-------+
